use_binning: false
K: [ 3.7439656906808716e+02, 0., 3.7355485971057487e+02, 0., 3.7448775164422420e+02, 2.5525521611854975e+02, 0., 0., 1. ]
D: [ -2.8047367099762593e-01, 7.9694387465167410e-02,-1.4116578828212633e-03, 2.9642009514976799e-04, -9.8418739405681556e-03 ]
